m1:0.5:f:0.000
m2:0.5:f:-104.169701
m3:0.5:f:-0.04497376
m4:0.5:f:200.00
m5:0.5:f:-77.9208768
m6:0.5:f:-3.97878693
m7:0.5:f:-0.32322525
m8:0.5:f:9.16656507
m9:0.5:f:-39.0615285
m10:0.5:f:-0.0972192
m11:0.5:f:5.3219608
m12:0.5:f:0.000

g0:m1:1.000
g1:m12:0.250:m2:0.60422025:m3:0.145616175:m4:0.000163575 
g2:m9:0.285291:m10:0.700827:m11:0.013252
g3:m5:0.360368:m6:0.278241:m7:0.35155:m8:0.009841
