m1:0.5:f:0.00
m2:0.5:f:-100.049
m3:0.5:f:-0.1707
m4:0.5:f:0.000
m5:0.5:f:-76.2470079
m6:0.5:f:-3.8369799
m7:0.5:f:-0.25275957
m8:0.5:f:0.000
m9:0.5:f:-31.9585989
m10:0.5:f:-0.16049072
m11:0.5:f:0.000
m12:0.5:f:0.00

g0:m1:1.000
g1:m12:0.25:m2:0.60416775:m3:0.1381635:m4:0.00766875  
g2:m9:0.28124:m10:0.689327:m11:0.029433 
g3:m5:0.364596:m6:0.285948:m7:0.341573:m8:0.007883
