m1:0.5:f:0.00
m2:0.5:f:0.000
m3:0.5:f:0.000
m4:0.5:f:8.2992
m5:0.5:f:0.000
m6:0.5:f:0.000
m7:0.5:f:0.000
m8:0.5:f:8.60191245
m9:0.5:f:0.000
m10:0.5:f:0.000
m11:0.5:f:6.95567808
m12:0.5:f:0.00

g0:m1:1.000
g1:m12:0.25:m2:0.60416775:m3:0.1381635:m4:0.00766875  
g2:m9:0.28124:m10:0.689327:m11:0.029433 
g3:m5:0.364596:m6:0.285948:m7:0.341573:m8:0.007883
