m1:0.5:f:0.000
m2:0.5:f:0.000
m3:0.5:f:0.000
m4:0.5:f:7.2710872
m5:0.5:f:0.000
m6:0.5:f:0.000
m7:0.5:f:0.000
m8:0.5:f:9.16656507
m9:0.5:f:0.000
m10:0.5:f:0.000
m11:0.5:f:5.3219608
m12:0.5:f:0.000

g0:m1:1.000
g1:m12:0.250:m2:0.60422025:m3:0.1436025:m4:0.00217725 
g2:m9:0.285291:m10:0.700827:m11:0.013252
g3:m5:0.360368:m6:0.278241:m7:0.35155:m8:0.009841
